[[0.48246993748861816, 0.46503776900532695],[0.49237418324791743, 0.45559607362730314],[0.1027252897610334, 0.8609491504976391],[0.09325302915519959, 0.8691634371702218],[0.4419018128136906, 0.46764465622996443],[0.09249436017123289, 0.8944675956668893]],
[[0.3730987640718609, 0.7446298360502972],[0.6561748480416265, 0.39671135332521684]],
[[0.4783061479481414, 0.44353393836791855],[0.5338027297467676, 0.44294612614991496],[0.14130947232698304, 0.8313297699904267],[0.19371874058238822, 0.7996405067237149],[0.9002544296843542, 0.31382096999696785]],
[[0.5213983403204152, 0.5776326564320499],[0.22069908520923323, 1.0302123471909979],[0.19793541794096423, 1.0333628606368523],[0.5472093823334805, 0.5644755943330326],[0.25489873888833214, 1.0243281269589175]],
[[0.6781381015093695, 0.401264943669214],[0.7138516010081613, 0.4012205777737995]],
[[1.081665954455598, 0.4867010420412374],[0.26989344880687477, 1.0890453501115043]],
[[1.1101359750828448, 0.4694622015909169],[0.4922299714813455, 1.1523883590409603],[0.5785142228994768, 1.1185443848952663]],
[[0.6009824489157072, 1.0312893009000879],[0.9657599408921013, 0.7276924670749938],[1.2204149892256766, 0.4450377218280051]],
[[0.9998698914817674, 0.3888256449043817],[0.6889324256188379, 0.5251441074216745],[0.6594908706220657, 0.567072280007559],[1.0912408411436578, 0.3546003435450044],[0.2642464627804275, 0.81786058539517]],
[[0.7572507202622408, 0.3699761924742748],[1.0035678936066432, 0.1341864880390024],[0.3500095398313282, 0.6127184357665465],[0.3600716760570504, 0.6081494258157284],[1.007545358012652, 0.12139391531099472],[0.322915175046669, 0.6472708352491703]],
[[0.8817000491700764, 0.5780292159429061],[0.8330120908440992, 0.6172433379412959],[0.4683503407740965, 0.8486988176321818],[0.8179444023084299, 0.6692902455675283]],
[[0.8912945068322293, 0.8228539394348255],[1.5187671627674464, 0.5842233165346256],[0.29558466425216867, 1.1712587109240102],[1.183151656021924, 0.7711638224990567]],
[[0.526902699504491, 0.8110758418113684],[0.8561051775623144, 0.5913372291442641],[0.8898777550691438, 0.5545144470848247]],
[[0.7696299718375309, 0.2675610100248754],[0.12379944743359825, 0.9579649961424691],[0.816015748156824, 0.2572598599518272],[0.805337556907085, 0.2574684832224536],[0.4666754165688269, 0.5427409593847102],[0.11981837728019445, 0.967202610628425],[0.12904689962516613, 0.9230418086029146],[0.46978332200005724, 0.522961968814955]],
[[0.31985586242397673, 0.7215083183455666],[0.9545479988155401, 0.22038230192059657],[0.3638229339686333, 0.7066508667652153],[0.339185067201211, 0.7134630823971684],[0.6079938646048025, 0.4145378922734861]],
[[0.2815645230077692, 0.5984377254656795],[0.5753807003508529, 0.33522636074575074],[0.9320204241355972, 0.15522446864504869],[0.9331568856800334, 0.12961530027987586],[0.9356622697539191, 0.1261386698138688],[0.27789889168571297, 0.6210909521664313],[0.5805318666157563, 0.3154506016309234]],
[[0.8912464055520478, 0.09620551001222831],[0.5632215697623334, 0.29876968901819945],[0.22543114569646075, 0.5879661950997059]],
[[0.8862627556258929, 0.29296678535040277],[0.17585032917706298, 0.8209298554990248],[0.5083407129846502, 0.4702166830527911],[0.15962666580557583, 0.8457134818643015],[0.8801326420364894, 0.30143281934894284],[0.8689269925159271, 0.31431705728649895]],
[[0.6871675810331231, 0.4018013902748964],[1.032799851037801, 0.21572921156536748],[0.3742640231991451, 0.6480570187459831],[0.36582603420005644, 0.6904545001670986]],
[[0.1348797499603815, 1.0252837507958876],[0.4883189376026227, 0.5729101918294193],[0.22333314168961732, 1.013988620830762],[0.4959793014949039, 0.5655427785975363],[1.174607403953672, 0.17369246286140191],[0.16815834453064396, 1.020559489068166]],
[[1.0392962759448126, 0.7948544181048893],[0.5974091980750131, 1.0421832130682995],[0.6282684316811864, 1.0317478933650284]],
[[0.6197638110246854, 0.3715711665335657],[0.6267830373729256, 0.3667363215459668],[0.28277062095507155, 0.6260875149489068],[1.0817986986499302, 0.26073133249107006]],
[[0.6975668218256543, 0.6194283189850032],[0.23449965306014903, 0.9741607000306205]],
[[1.1877449437890792, 0.19840189389189555],[0.6374102437941974, 0.780866464838589],[0.9447667262702696, 0.511476599417675],[0.270216029970428, 1.1796361981814678],[0.2671816498569458, 1.2457753049225093]],
[[0.48248865098727556, 0.47756648245526967],[0.791511800696498, 0.22859103780034784],[0.7904932609426691, 0.22967179197920035],[0.7868816291532021, 0.24930774450762141]],
[[0.3248069540370386, 0.7200561797737297],[0.6576192045690581, 0.4105046089939455],[1.078301328578721, 0.3575094056448861],[0.32542575895377623, 0.7163088344267758],[0.6615752575737722, 0.40922486586291695]],
[[0.8513566610536634, 0.3290709031626481],[0.4539432628896991, 0.4663298495636298],[0.13434288540698033, 0.9363369377136989]],
