[[0.2685144511498299, 1154.0140966947026],[0.011697396685375533, 1183.7860866987294],[0.5515672242322052, 1120.538704034413],[0.5470022500614566, 1131.2251409778385],[0.015189376133464189, 1154.217798582499],[0.0, 1198.0327564080926],[0.8671426551097354, 1108.9850852362724]],
[[0.4597448409752328, 1071.4126990336304],[0.419610052027926, 1072.261910568193],[0.0, 1076.4036485389533],[0.020106835495671486, 1074.1979053886857]],
[[0.8741455078125, 1158.4300098535819],[0.0, 1195.6098338454394],[0.09499791097428224, 1182.5556916621667],[0.013618994969189314, 1187.834520245592],[0.85589599609375, 1171.8818174776204]],
[[0.10514307604673612, 933.6001445138374],[0.21664638347404272, 917.2582923054946],[0.006068965889139426, 951.3892063611606],[0.1292625769657485, 931.5173424183876],[0.0, 961.3989494049147],[0.0358340346544867, 944.1289667886658],[0.006134641822427511, 944.4623434913731],[0.03956500677223673, 940.2604646395966]],
[[0.0, 1098.288533171155],[0.011683010419009071, 1080.3615858425296]],
[[0.7563330793895005, 906.0977949261328],[0.0, 913.2552888585724]],
[[0.06296476162970066, 1248.490389582124],[0.08935786428483385, 1210.90583025027],[0.0, 1272.3133858926958],[0.7071476364784373, 1201.982791025712],[0.019945631398483425, 1248.6538297669372],[0.08932720340904453, 1236.9970325821937],[0.9842910289938851, 1196.1979835548693]],
[[0.15015145484358072, 1030.5717898421044],[0.09035039020626602, 1045.9638698218437],[0.2331500187637747, 1015.428119821689],[0.006732895988663639, 1053.9394058750813],[0.0, 1066.2499355474938],[0.00034556401745542277, 1060.7636088858203],[0.7333260912974626, 1002.6983425455993]],
[[0.013055591784818212, 1056.5068717892082],[0.42555621356408924, 1032.764702317771],[0.09999339504064755, 1049.8454244229133],[0.21439138236434988, 1049.3787442809466],[0.0, 1064.683831557959]],
[[0.8540261239967201, 966.9535469912812],[0.0, 1066.8295587051216],[0.056542879083405356, 998.3087966506497],[0.03320020350281071, 1005.8746906621415],[7.243128232467835e-05, 1023.5491137637332],[0.4150637071579695, 997.7867145745392],[0.5712615183260057, 986.6653150268645],[0.815592984430289, 971.8670839137502],[0.048091431614011526, 998.8463305217873],[0.0009015556136812665, 1005.9062506409567]],
[[0.7377933034486901, 1161.4832481176447],[0.9531286656183439, 1155.1032619286016],[0.05573264664042525, 1203.3963588237489],[0.13433607446948703, 1185.1845200154894],[0.0, 1219.3374848810017]],
[[0.828672152606731, 1362.6431581853112],[0.4915274155317731, 1378.715571471487],[0.5001381831958636, 1372.6980314614093],[0.0, 1402.3910817061223],[0.9831887842232196, 1358.739040982005],[0.15783372733976972, 1389.216926392137],[0.015158287715166807, 1394.6320741295774]],
[[0.5140144339876815, 876.0518769455437],[0.053574647965323643, 884.1851573724996],[0.0, 906.1064975693225],[0.03481155780817751, 886.8316838770431]],
[[0.6582540366798639, 1191.2394092597858],[0.0, 1237.1144095000345],[0.010733790574017021, 1214.6881448832855],[0.026158256622575392, 1210.9969386560156]],
[[0.0487716281786561, 1070.3246941259742],[0.0, 1104.2037968751101],[0.614711995954896, 1043.5359977218775],[2.1218373481670276e-05, 1103.3291254029514],[0.9875964653188386, 1022.3589035713998],[0.030652135904207373, 1071.9690881407423],[4.339213501873117e-05, 1073.593870320339]],
[[0.46335093867494964, 1049.3122466033335],[0.10003325833379005, 1074.3253986222571],[0.005538737350204499, 1111.6523323280112],[0.0, 1112.8435503672026],[0.276808341499418, 1052.8821713149189],[0.16128844150667326, 1065.0064229281586],[0.21402932284399867, 1059.3521433414728],[0.010224451026705411, 1085.4275355495158]],
[[0.8140718816782406, 1379.85676314801],[0.7911180205417786, 1384.1176962484826],[0.19935430647927355, 1399.8138970429877],[0.40075402054935694, 1389.2082152449498],[0.0, 1405.6740964808487]],
[[0.029369400814175606, 1295.8399353384477],[0.04100868441138169, 1292.0225196264535],[0.2719021631035214, 1254.3371892464133],[0.17529591410232367, 1261.7620792379828],[0.04157274104388694, 1271.9995759999567],[0.0, 1296.621713489205]],
[[0.1364505240791445, 969.0277562794482],[0.0, 1009.5988804842382],[0.05987507649381187, 980.9256738247886],[0.8592506041679818, 953.0451567478615],[0.04125198650353817, 984.3052688405251],[0.2539916220830014, 960.2373989539755]],
[[0.3282891269773245, 1191.5277905726068],[0.0, 1206.9851218886652],[0.06372703923217662, 1191.5907531402956],[0.01760615777389391, 1196.9720856348742]],
[[0.03196400035036014, 1138.8440998088995],[0.18375199741482307, 1121.1544651241602],[0.0, 1150.7181192663702],[0.03137484078930258, 1147.4910060391232]],
[[0.03528003627434373, 1140.695319675982],[0.7251546811312437, 1107.09995405909],[0.0, 1140.7117642640897],[0.35625397926196456, 1115.572111053636],[0.042115633621642806, 1134.7746911947381],[0.1824771139123996, 1134.3640087647636]],
[[0.09758398688385049, 1179.0776180719167],[0.23148570867077395, 1174.2948275062267],[0.6688597347042308, 1168.5300817862196],[0.15587338161429817, 1174.930349913474],[0.0894259939774578, 1202.4346732459146],[0.36234269429713495, 1168.9941741899938],[0.0, 1212.2463587085767]],
[[0.9633377646096051, 1103.0689439030652],[0.46176795292314565, 1123.0026443789475],[0.0052814914643166365, 1147.3963512927273],[0.0005797441212073795, 1156.897197549957],[0.47104803665573525, 1110.3604248089234],[0.0, 1199.8332085553575],[0.4462783746421337, 1134.073346718564],[0.05905447667464614, 1136.0209006621749]],
[[0.3028250983916223, 936.4102703110079],[0.04934208200500355, 936.7616172706912],[0.8854731586761773, 931.56386379308],[0.0, 971.1483328795148],[0.005977952898118814, 940.4251519842486],[0.005972520643260328, 943.0904565808489]],
[[0.46600420167669654, 851.8482752207923],[0.0, 863.297710887804],[0.7435949846273523, 843.2532467722266]],
[[0.007240409987537159, 1266.5068099734115],[0.03929815711817984, 1261.755600132302],[0.0, 1290.4668805042802]],
[[0.1482509938068688, 1237.9699902927298],[0.13274018995121487, 1241.502247887534],[0.0, 1247.5016265400645],[0.3110157029177026, 1219.2694507784481],[0.3057028112555718, 1228.6895034717807],[0.0021537249310371624, 1242.6820909815199]],
[[0.5736171520759747, 1015.324690910446],[0.009736243686334327, 1024.249338932371],[0.7979637090928325, 1005.8856813183128],[0.007850075560769144, 1037.1140267849376],[0.13909712980843272, 1015.6303147782384],[0.0, 1048.400019724755]],
[[0.10514307604673612, 933.6001445138374],[0.21664638347404272, 917.2582923054946],[0.006068965889139426, 951.3892063611606],[0.1292625769657485, 931.5173424183876],[0.0, 961.3989494049147],[0.0358340346544867, 944.1289667886658],[0.006134641822427511, 944.4623434913731],[0.03956500677223673, 940.2604646395966]]
