[[0.07404601407373795, 1153.9317021363763],[0.15951110350601508, 1151.4113508416963],[0.07024301350656253, 1164.8889563088537],[0.5122728748247027, 1127.042329771751],[0.33730961493940265, 1147.8086677378953],[0.0, 1181.2608682651735],[5.045907246576898e-05, 1166.200548411803],[0.4589728466235101, 1136.2746454314888]],
[[0.02997777689742788, 852.9663730753076],[0.0, 871.5759158583605],[0.03304747478226349, 815.2972033914353],[0.9040529851942996, 798.5851757706141],[0.45969849133666174, 808.467668944248]],
[[0.017981549390046366, 1005.6594011818055],[0.0074394887044490765, 1012.6630624370105],[0.044439248263895934, 996.1090229402171],[0.5439057992771268, 973.3536800399611],[0.0, 1032.1056042782438],[0.5623108472414976, 960.3780600984195],[0.567544840985117, 959.1189852276923],[0.04605668482139585, 981.9873061312608]],
[[0.05969491606177896, 1171.3760998067949],[0.4666356388479471, 1165.2130825094926],[0.4686492263434015, 1161.7398643744323],[0.0, 1207.8547853690416]],
[[0.020382487791127432, 1255.6365723329177],[0.37343067757889736, 1241.7068934188708],[0.2985388964371149, 1244.224795942976],[0.0, 1265.3923896135439],[0.39933169680278546, 1237.6962143225091]],
[[0.007849014776899307, 1366.2142047045097],[0.29768781693134055, 1352.5888291815013],[0.0, 1383.2548221429497],[0.7488676258802623, 1316.9829363654599],[0.08213037950918078, 1354.2536322216065],[0.697291169218784, 1321.444099461793],[0.01123379210989003, 1366.1905017196118],[0.48212587060533435, 1328.510463268027]],
[[0.14413913153111935, 1175.0143386618747],[0.0011748655201864215, 1187.0609828568577],[0.5407261582500867, 1165.8205914110267],[0.029825076460838318, 1177.8083261001482],[0.18587414528652224, 1170.2858252463595],[0.9044447697835118, 1159.7229990197554],[0.018905571320873407, 1184.8273874867646],[0.0, 1187.8621080752273]],
[[0.044163091846372, 1159.9467205356168],[0.011098104670623516, 1161.4733073495772],[0.0, 1199.0240654020854],[0.0010367318674362354, 1188.6879247307572],[0.007019406250874518, 1164.8837101900829],[0.4236067986408153, 1144.174872544169],[0.6346994373016059, 1125.85238195663]],
[[0.29362917682208967, 1138.0023437221455],[0.21833978415887434, 1146.384879467981],[0.7328816298395395, 1136.7135887360275],[0.21189274345835374, 1148.8001353116917],[0.0, 1172.7807817085632],[0.005944556722048166, 1170.8669889354478],[0.2237961714508321, 1138.6512136277524],[0.007047084522472058, 1154.114013982669]],
[[0.47865974214415774, 1285.1970651676052],[0.9116909368894994, 1278.706888030047],[0.0, 1313.0518081068967],[0.31265357707998576, 1288.5266472549831],[0.05383778247289112, 1288.5654479449386]],
[[0.49384163446182044, 1063.374605771336],[0.0, 1081.968832846067],[0.9667210355401039, 1057.768614865069],[0.0014708004848900883, 1081.2706173008332],[0.0019302726501445018, 1073.9399935646857]],
[[0.060647017788141966, 1147.3407544213567],[0.7793830493465066, 1110.928772527898],[0.005476475010606727, 1152.117256400769],[0.10205409447986404, 1128.6793233130138],[0.0, 1170.9630289925572],[0.004547914697461099, 1159.0279050530748],[0.5845937933772802, 1119.0560312879236],[0.29683883040428133, 1128.5585257608948],[0.06143443847352341, 1139.3833481767062]],
[[0.9544111550785601, 931.715295507266],[0.006219902456582299, 970.5247263184377],[0.0, 973.8975587057466],[0.4911922346453861, 939.0070637669224],[0.032848350054874104, 957.9044258677308],[0.4890632461922112, 942.0950271863912]],
[[0.049649051410345785, 1259.1381851458925],[0.9393945634365082, 1224.6507234304556],[0.9061337694510229, 1254.2461339998506],[0.0010463090803275706, 1264.2760899535474],[0.0, 1294.4111901886426]],
[[0.062070540618151426, 1042.4278533934698],[0.4607865048135652, 1041.2479509895616],[0.022497619467361042, 1055.9216400729758],[0.4663651555554328, 1031.7978198876913],[0.0, 1057.386853049651]],
[[0.5630278219468892, 1193.7367820963584],[0.023283270079193542, 1218.4721862875358],[0.01039105388269423, 1235.1233266865802],[0.07282684503297038, 1197.7083300290237],[0.025551656245949815, 1206.119669629038],[0.8678430723957717, 1186.7083237266293],[0.0, 1235.5157125204387]],
[[0.2030013813637197, 1124.3193901502302],[0.8439928828802986, 1104.6322316223884],[0.22028231835201834, 1121.113313254068],[0.24126185187074994, 1112.4987886745348],[0.0, 1137.2974959576495]],
[[0.6840914383896469, 1067.0072983729863],[0.0, 1102.7153239801264],[0.702516679186374, 1052.1560749386967],[3.444530866175158e-05, 1077.314662221478]],
[[0.3034673654474318, 1173.648975043182],[0.6805437306006181, 1167.7461272898167],[0.03879312053322792, 1177.402229827602],[0.036977030737261773, 1191.0524069783028],[0.0, 1281.4346971904451],[0.03696927152366031, 1202.9121889645692],[0.00039201617442465123, 1204.7438727123865]],
[[0.9066116707399487, 1112.5497291949],[0.7262240060641324, 1114.1835047219156],[0.0, 1132.3666497429658],[0.020428285747020082, 1128.4723474163045],[0.422875517738023, 1127.1959845664603]],
[[0.008099393151381173, 1070.1917882766736],[0.0, 1101.1437977580117],[0.37907806544214095, 1056.139478048185],[0.9800044745206833, 1044.9238137066154],[0.11491735892965751, 1063.3903350386895],[0.0025473087054910517, 1077.8750796823444],[0.48796020047515026, 1046.4247373678118]],
[[0.8792684152722359, 1316.7386258939914],[0.19170394450284534, 1334.9530031374345],[0.20587740510032088, 1331.5631912551057],[0.0, 1337.931938317457]],
[[0.9962202599272132, 1237.4263886285187],[0.0, 1303.5367346825951],[0.8020734302699566, 1252.5114675954264],[0.018493422429764386, 1277.3857204556516],[0.012658471196175268, 1282.0042122339858],[0.0005541615632485428, 1299.4384642809828],[0.1864868295378983, 1268.7612671001248],[0.03297770037869849, 1270.4449497013209]],
[[0.12954899109899998, 1258.03948558262],[0.06274796201857619, 1263.607113224735],[0.0, 1297.1896936037265],[0.001856088589040795, 1266.2997824775582],[0.6236740979995489, 1252.9194688484774]],
[[0.011272756269159185, 1280.8344493509449],[0.6562962396975436, 1257.6656763797287],[0.0, 1300.1552176831137],[0.1412005077009005, 1268.8274773593193],[0.010613079935409796, 1297.7501976071103],[0.013472922380322402, 1269.2249676752106],[0.8459398671984673, 1251.7073864001663]],
[[0.010993689183155311, 1272.1523800276154],[0.049693199996918035, 1269.1671726664135],[0.13456343858480024, 1246.9035194743062],[0.00595734036814339, 1278.2834310604355],[0.0, 1294.486748420426],[0.11031837858511226, 1255.2636209405282],[0.2784387805098882, 1242.4057350203668]],
[[0.008567341603338718, 1113.3759855683518],[0.18414963503640808, 1092.9176960764014],[0.6467815477120773, 1066.4539903859675],[0.0, 1139.12712399484],[0.03513702571793274, 1093.7002004644462]],
[[0.016636739077883565, 1234.8097655023075],[0.019505276924183586, 1226.4134477816235],[0.0, 1255.8170434365638],[0.6782303070649505, 1189.3954157733926],[0.6336230005051666, 1214.7819847727944],[1.9437196564442796e-06, 1239.0167213182333],[0.07620959391476895, 1224.1439854507837]],
[[0.9224213878624141, 1147.079201759174],[0.0013489223556696346, 1201.4747991565437],[0.0, 1219.1711626138822],[0.04062070599026468, 1179.0129167841274],[0.00038303245399077114, 1207.0229532641074],[0.00655173932044015, 1184.4174922503382],[0.30172359357912926, 1151.4436704226553]],
[[0.027487518514947077, 1215.6770511854877],[0.0005631866996034173, 1217.1050569451195],[0.0, 1255.991195912713],[0.3575112123710287, 1174.5565372698563],[0.7401615509238487, 1166.4597487943365]],
[[0.5317294068238274, 1059.567421712099],[0.31378200628669095, 1066.1925403338819],[0.031042193062603474, 1079.8867563475721],[0.003267357575080009, 1080.6514994065121],[0.0, 1105.2884536651072]],
[[0.22650636094699092, 1414.3448257312402],[0.1955156922340393, 1424.131783987119],[0.0, 1429.5203148794444]],
[[0.9838604033021857, 1256.0895135835642],[0.626166995116156, 1268.575047198955],[0.00432626161065792, 1296.9009265303612],[0.0, 1309.5937820473264],[0.29824423091486096, 1294.403803723258]],
[[0.10652742663788609, 1075.075181135032],[0.09995828507415831, 1090.9009159528325],[0.0, 1168.0360849662356],[2.997431441097191e-05, 1154.7752717476628],[0.7336903372779489, 1073.0705229895698],[0.015162904046351034, 1115.0615934006728]],
[[0.03845376521348953, 1097.534380585557],[0.16718503086468092, 1092.868860976868],[0.0, 1122.1884600074372],[0.027793365172483188, 1107.6692042557122]],
[[0.01163494171296423, 1088.667925638472],[0.01807917675533787, 1061.4510614402952],[0.013428212296490293, 1070.29352806633],[0.973452593007805, 1042.890963874919],[0.2980829092520113, 1059.3606398232039],[0.0, 1105.043312562142],[0.6829544962383807, 1044.7622972983247]],
[[0.11067708721384406, 1161.9420789803955],[0.043556857854127884, 1185.4141889338584],[0.0, 1212.2010809630556]],
