[[0.25030777849246366, 2.809053574773367],[0.0, 2.921750032383322],[0.023341751145835858, 2.8984661887526313],[0.6558030772683856, 2.761397452405058],[0.6117734324852004, 2.7739606375165042],[0.013118122992076998, 2.9097273616674175],[0.9581543794586808, 2.5812114525869614],[0.755647825645797, 2.639615123695636]],
[[0.6769795463019144, 2.6858866502131025],[0.0, 2.920160690314696],[0.7668785845745857, 2.6547452908172007],[0.9387452692395591, 2.5374962097608234],[0.47762848163553, 2.7362650605566565],[0.0016935183473667163, 2.850748148460516],[0.9844802517292488, 2.498810320313986]],
[[0.9297391855555261, 2.6018445223620783],[0.4484169645408228, 2.8303162706074096],[0.0, 2.9039528430807464],[0.6815208890768817, 2.6973845552830507],[0.8639582875710152, 2.641709451300267],[0.8949675358700133, 2.610565939103579],[0.5224202912633121, 2.8111811086167107],[0.02275284409658415, 2.8562501393922752]],
[[0.5764492590661493, 2.731601254518768],[0.5225466161355742, 2.7855072950273527],[0.005420806780273409, 2.8873458565086865],[0.8763673552537388, 2.598016955925928],[0.0, 2.9855929806513686],[0.16643480664187799, 2.81931032404521],[0.8033823626676592, 2.6257393690719466],[0.08474709086507162, 2.870867928866183],[0.9876503498626412, 2.5974351556167194]],
[[0.761195122848663, 2.671045729233709],[0.0, 2.8843022603771145],[0.6532613762149326, 2.696954752046693],[0.9157427466887355, 2.5723869034912035],[0.8739740741988549, 2.598862549208607],[0.9419439549154783, 2.549231795576421],[0.21437002109603936, 2.8605448230289316],[0.9491683136731016, 2.527564938330191],[0.6407790977532581, 2.7623363677729937],[0.5594441190378538, 2.796945034157794],[0.44090964300974433, 2.7977181128090183]],
[[0.7986777567711938, 2.642574959002034],[0.7955219085774033, 2.664204710209835],[0.9124381151965965, 2.5788967068747386],[0.008694732769707707, 2.82941822422489],[0.8059623401840528, 2.6075412815089227],[0.40142584193675285, 2.7417420455535746],[0.9937174165948273, 2.543372429548044],[0.0, 2.903993339326025],[0.2955028515763584, 2.7796219918561698]],
[[0.9299652647889557, 2.565569526227352],[0.0, 2.8964783537498717],[0.4248566561051752, 2.7673885544361836],[0.113613941447421, 2.858534697446769],[0.7993435427124749, 2.5758437140519583],[0.39035601180536067, 2.825500187466245]],
[[0.635426159657011, 2.751764499883129],[0.4425012059390641, 2.7782703556816406],[0.4362215396439095, 2.7873267308961682],[0.27674707318040226, 2.8080253412950102],[0.8189327466884874, 2.6318265786623916],[0.38947604485103315, 2.7969841523440824],[0.7197340953173502, 2.6747831324315094],[0.9337904835356932, 2.6095402759151667],[0.0, 2.852575369935143],[0.9434795500670317, 2.54716857396442],[0.22809481780298474, 2.846250169564831]],
[[0.3471949459090844, 2.75210723385865],[0.25197944775616127, 2.8499496128185338],[0.7735185936245462, 2.6819333940288503],[0.06287760557364278, 2.8908128415630387],[0.3267297746020529, 2.8337869380737852],[0.0, 2.9031941559250667],[0.7616505852674079, 2.695887632764105],[0.9910648769277013, 2.538287605322474],[0.8526260866995493, 2.618503420705659],[0.6561246964559776, 2.7514257160296367]],
[[0.9127909376676914, 2.575818457074504],[0.0943259204876931, 2.7961987402693143],[0.9501936208172862, 2.57173433788321],[0.0, 2.9401882866962303],[0.8499808333398932, 2.584799035372906],[0.0034629615967478565, 2.9053033498556586],[0.8151304942972197, 2.62121600869389],[0.682042955735201, 2.721042347510956],[0.9593541174652491, 2.5183205131662563],[0.44434449345816945, 2.7704060749859125]],
[[0.8483196039488102, 2.585903226407945],[0.9379589369554572, 2.5461085364994696],[0.023226070242053642, 2.913692473080299],[0.3448484884379326, 2.849720556539425],[0.1166395286171252, 2.8866757463143324],[0.7845967158768684, 2.633791657939544],[0.0, 2.920434550023537],[0.4768599105523969, 2.7712389799506614],[0.7761395452254672, 2.6370928294586697],[0.614587580512636, 2.715339648061645]],
[[0.48547022451620997, 2.839214671405539],[0.26761332534939575, 2.882343794805341],[0.782391631940594, 2.706974440799705],[0.03623195832690573, 2.9519947420958195],[0.0, 2.954507213527956],[0.6269331208201825, 2.802991304373202],[0.9482637572385912, 2.5316319561485807]],
[[0.6372768536681218, 2.812856933310151],[0.7426401303424569, 2.728199142140296],[0.0, 2.875660361381928],[0.7599803633498875, 2.6701216031143757],[0.7692868331220859, 2.6098492500968566],[0.3993714074380907, 2.833785999854104],[0.3691058465308491, 2.865049513795641]],
[[0.3852454469764535, 2.8051619183922707],[0.0, 2.94467579757573],[0.6054352165651745, 2.724138302875878],[0.7804759951043945, 2.5750597872779437],[0.5266091505494791, 2.761782514336656],[0.755355883948006, 2.671930978143831],[0.6874340606955004, 2.7083885892560566],[0.7007541168776005, 2.6911825026687297],[0.007081723988151635, 2.8635818035376435],[0.42710894963569823, 2.800498521394501]],
[[0.9833308152141282, 2.5230667625341185],[0.01806453462654494, 2.873062004412459],[0.5988626168481854, 2.7063160042187606],[0.49314349263487434, 2.7429693203713303],[0.0, 2.9055600622542705],[0.7532014204702566, 2.7050308320232275],[0.8873998895726927, 2.6133052534601604],[0.8333153481253192, 2.6496988340637775],[0.4715179292630575, 2.752373456526201]],
[[0.958772483369419, 2.588203446121632],[0.6772780063151322, 2.678480484577094],[0.8304729419040809, 2.6144232421152664],[0.6525099996893794, 2.6990668310011356],[0.32443053396407395, 2.814801854663024],[0.24765128432331862, 2.8735977039663454],[0.4633567943618895, 2.7723351210804057],[0.0, 2.8797941945294414],[0.6018596041944263, 2.7515441644518805]],
[[0.016717249717548673, 2.9074623333710377],[0.8035431111530008, 2.6365282767282445],[0.05493659892737776, 2.8440005216216675],[0.0, 2.907973163274826],[0.7660973544019928, 2.672662795421788],[0.6348182145620478, 2.6970008256689213],[0.805681816426982, 2.624733418054028],[0.861162953202535, 2.530302272370595],[0.5779212629042493, 2.7500925024852365],[0.0411602745086797, 2.85352974223416],[0.596328507373754, 2.740095107730505],[0.7907897105387963, 2.637111200512369]],
[[0.04752212040166044, 2.8559057832361447],[0.5892009248828913, 2.7351821955863445],[0.548796188267042, 2.735531097892346],[0.10282224883710801, 2.847895391086134],[0.4549732971689216, 2.81323938211173],[0.00024756734997676217, 2.866851907531445],[0.8143261593805151, 2.593606345165635],[0.2763667425282349, 2.8328650607901595],[0.0, 2.8808021588593338],[0.4621560815234598, 2.807292855730506]],
[[0.9891034288871539, 2.535280190566769],[0.67110913225886, 2.703491748033688],[0.6860195263215535, 2.6849548397265774],[0.02229412976640569, 2.882165555892764],[0.8518819780962219, 2.5740234030156923],[0.9629347160613285, 2.535964421243066],[0.0, 2.954757070079193],[0.0692460957063864, 2.872672336808711],[0.8511422278867925, 2.6415855290847574],[0.17024174305578632, 2.8147936630743553],[0.7415885438578419, 2.6454545519606234]],
[[0.47324308338058046, 2.860208963316901],[0.5555818991576651, 2.7541782911378916],[0.5503939269885305, 2.76803035665576],[0.678763513852718, 2.7147013353711715],[0.3596156004985911, 2.894344629602257],[0.8121194937391499, 2.580611945602485],[0.47890040174858733, 2.768442498852906],[0.0, 2.9175981155739326],[0.9689122509651483, 2.5465889486371407]],
[[0.564253970383187, 2.723919579371935],[0.8931772163790807, 2.5091865654510324],[0.199038406007307, 2.8216278996623547],[0.4271459392114121, 2.7289789100498467],[0.729343301655352, 2.611058479520658],[0.0, 2.843616233368972],[0.8691547243115809, 2.578379246993928]],
[[0.7912707659025497, 2.639567082998534],[0.008462757347152758, 2.9227516605750283],[0.9004107728845555, 2.566936433758574],[0.8281526870606811, 2.601260035118711],[0.037283502147525946, 2.868332585719519],[0.32863070577520975, 2.849268940846362],[0.9521684553184323, 2.5396086386240473],[0.6582567273469402, 2.66693983400442],[0.5432012867784801, 2.7327931523416207],[0.0, 2.9647635330826674]],
[[0.9881646860477056, 2.541285777612675],[0.4555425346612339, 2.7823606371886758],[0.7233241345355598, 2.65328705844713],[0.05257010685416, 2.853362382083952],[0.09475754392836906, 2.830776267906304],[0.7988990166330516, 2.651987793403329],[0.0, 2.9201972411785135],[0.5975289527843028, 2.7264231893848354],[0.8756334083594972, 2.5453863660820386]],
[[0.5061769084183756, 2.7819506134957024],[0.5308195871336832, 2.75353163768656],[0.8124658543232293, 2.5907928208017985],[0.6493859725615867, 2.686185433343379],[0.9613062379586964, 2.5230442010959098],[0.0, 2.8488565308829927],[0.19006946503507222, 2.847552760999904]],
[[0.4775405388069261, 2.8414515808429215],[0.0, 2.919472998653976],[0.7262275164008654, 2.7151466006125182],[0.8577814551201616, 2.704829663753779],[0.5493190137213046, 2.7245711068464478],[0.9013459020724329, 2.6227423837684456],[0.9373289926456988, 2.4976686244322797],[0.2185000651286969, 2.8729301220478156],[0.5159460003117433, 2.7755817389931203]],
[[0.4432321141753424, 2.812808715948879],[0.6236654427466174, 2.710007743886993],[0.5103954285060567, 2.7720150090195417],[0.9862783209773639, 2.4766559344148744],[0.9157954724367924, 2.5379133789998582],[0.29646684349073216, 2.8494246451889595],[0.9589587951865531, 2.5242884662212304],[0.8693421841137852, 2.5681901294770477],[0.0, 2.8537475994581714],[0.8603169426990496, 2.598460807060951],[0.32197883719806214, 2.825686580720509]],
[[0.0, 2.9299628353988623],[0.40277346446170326, 2.7427913983899974],[0.9176796308486636, 2.495544325524988],[0.7923692430977397, 2.6496367198474204],[0.8709594762479662, 2.583629291980506],[0.16929954163729197, 2.8529465926365445],[0.015536369377715251, 2.8871038091926353],[0.6389006906128154, 2.7364095363169034],[0.10897230636467262, 2.8807108191289066]],
[[0.7298920569374067, 2.6642250186853302],[0.601254503639708, 2.7816453414848774],[0.7010126996890567, 2.7258989333820596],[0.7854603790357819, 2.6384215654303245],[0.13819480769122894, 2.8328249514232895],[0.8604701712848142, 2.6084794459773453],[0.0, 2.9329801824957142],[0.9109002533878627, 2.5093645934920685],[0.01986606331280579, 2.8366533601640533]],
[[0.006199347714889743, 2.8628430611002527],[0.8919856487129697, 2.5419043246714663],[0.22876206979129712, 2.8266289899813337],[0.8853054256146523, 2.559438652920245],[0.02349283192182321, 2.8342208879272586],[0.7071921031550423, 2.677499070945856],[0.9724780652568591, 2.4531516936492244],[0.4781274105123293, 2.797031074439472],[0.0, 2.9326792743522523]],[[0.05575449887729855, 2.877525469699316],[0.7581873146723895, 2.595541452707813],[0.9583631064743994, 2.554968581613986],[0.7286928058235888, 2.728878353663754],[0.5134146132488944, 2.7903196019487173],[0.0, 2.9365291824303172]],
