[[1.4487467361703636, 1.5643822772054157],[1.1429014964161042, 2.1364338465901365],[2.0533022025645904, 1.1113472521474081],[1.7089052595969938, 1.3445390879412855],[1.6820284969404393, 1.5446819190608463],[2.0496661548239663, 1.1501608215281909],[2.0434806224616984, 1.2586988184699197],[1.1233515003903496, 2.325206672159163],[1.163982674384387, 2.1006898189118792],[1.0972516105146248, 2.360138791350394],[1.7020595020515867, 1.3544346708680282],[1.3404797223730662, 1.5868192927063864],[1.3372745367262113, 1.9456610788238806],[1.2028219483302263, 2.0369450566930922],[1.770583066371076, 1.3222644810664992]],
[[1.2725400777207065, 1.551581674097879],[1.5753991258766757, 1.3482978554737182],[1.6643293744757315, 1.3255411371545285],[1.560628201135504, 1.4041375204409696],[1.2604896757032649, 1.6422596063240746],[1.0134622509905324, 2.532901743008439],[1.058869554060414, 2.2577540900127495],[1.945138734986984, 1.1190665373645652],[1.2311456426321028, 2.0253293596702706],[1.5801605654076387, 1.3399052113643475],[1.0769152661157197, 2.1703902846132097],[1.8929935648152107, 1.1737081937760836]],
[[1.5715240576412683, 1.6230730037735],[1.4633360443728698, 1.6259735347640953],[1.4254250235071966, 1.647411581471117],[1.3367395341359278, 2.1702640897939887],[1.971175120025596, 1.367493032142926],[1.8650883203648854, 1.37365579826439],[1.1010722448587285, 2.455358364508159],[1.6812840577329964, 1.3925409093940737],[1.12286980016538, 2.430856918972468],[2.039168648727945, 1.1590041267746178],[1.5715240576412683, 1.6230730037735],[1.4633360443728698, 1.6259735347640953],[1.4254250235071966, 1.647411581471117],[1.3367395341359278, 2.1702640897939887],[1.971175120025596, 1.367493032142926],[1.8650883203648854, 1.37365579826439],[1.1010722448587285, 2.455358364508159],[1.6812840577329964, 1.3925409093940737],[1.12286980016538, 2.430856918972468],[2.039168648727945, 1.1590041267746178],[1.5715240576412683, 1.6230730037735],[1.4633360443728698, 1.6259735347640953],[1.4254250235071966, 1.647411581471117],[1.3367395341359278, 2.1702640897939887],[1.971175120025596, 1.367493032142926],[1.8650883203648854, 1.37365579826439],[1.1010722448587285, 2.455358364508159],[1.6812840577329964, 1.3925409093940737],[1.12286980016538, 2.430856918972468],[2.039168648727945, 1.1590041267746178],[1.5715240576412683, 1.6230730037735],[1.4633360443728698, 1.6259735347640953],[1.4254250235071966, 1.647411581471117],[1.3367395341359278, 2.1702640897939887]],
[[1.2671255859457977, 1.7907533803457258],[1.6112012756998064, 1.4600207330676864],[2.0079282849013462, 1.199025614707851],[1.4359042606356969, 1.7649890455153412],[1.5730361641338146, 1.593161728598009],[1.6476099844793253, 1.3397658430510662],[2.137723905755696, 1.121657979592399],[1.2915379768390403, 1.7890340943574208],[1.5558826861520885, 1.627188028641393],[1.9309302366486687, 1.2277262394114103]],
[[1.9689581306572306, 1.122703245230785],[1.6454770018992673, 1.487436138190056],[1.231407343664426, 2.0146605654781893],[1.3715423955819186, 1.6167058534156311],[1.3729873041848684, 1.61465223242468],[1.2236511397784802, 2.2223212195625006],[1.1722601816103952, 2.3591671604209283],[1.2945322263939425, 1.7513465898488043],[1.6933919434075004, 1.3622720852726848],[1.9266631572023996, 1.285555106313319],[1.140444575628674, 2.3871931273505]],
[[1.1707219868901437, 1.8116804384678016],[1.2036450518451416, 1.595060502994722],[1.1748959797995275, 1.6599522576219707],[1.8911047874893785, 1.1308261550926022],[1.8255727693966972, 1.1851586886766001],[1.1395040781730807, 1.912027589110635],[1.473840977641851, 1.3793305946386858],[1.8533026695120793, 1.139636645216378],[1.5876659333938556, 1.3233784018417434],[1.4970943789900764, 1.3338808806139675],[1.198752121231193, 1.6259729404729901]],
[[1.8913972396560839, 1.2409432222531687],[1.2150049671192058, 1.5676849789308196],[0.9009029152669754, 2.437204951560737],[1.2074818026594962, 1.6096118269365887],[1.9162415316880592, 1.1163181966348295],[1.1734498985778314, 2.2119436740188383],[0.965110591093159, 2.230839452210376],[1.5467349170896805, 1.3147316982619968],[1.9072836859890978, 1.2082192516298758]],
[[1.1194326805479582, 1.6768337935487199],[1.500658024089495, 1.452276207462834],[1.765659306427155, 1.1854636681208983],[1.3372220955180256, 1.5589719420901444],[1.4806028226637338, 1.4960453399968787],[1.1150407776237885, 1.852129798780393],[2.2987652195189456, 1.156705156909902],[1.6518920377197843, 1.3387641437053128],[1.5157918363747755, 1.3734010538776615],[1.7270009257223506, 1.3188355410179715],[1.492336871193079, 1.4532151763771375],[1.851581020703291, 1.1598365268398314]],
[[1.9725614064699877, 1.1201761077931898],[1.204250300746427, 2.2271079735112718],[1.6105981914283318, 1.372708924097314],[1.9689521401322692, 1.148013406739889],[1.033360103624287, 2.359097162921169],[1.6548999905784552, 1.3288947947881824],[1.9543524735648656, 1.290892652619578],[1.604938125406943, 1.3820192713795474],[1.742473817990715, 1.3033511011444774],[1.2097782802226487, 2.0570657157005225],[1.2781719913965448, 1.6488929115118907],[1.6303629200624836, 1.3607549513060706],[1.3061198292178366, 1.605440684142517]],
[[1.1951887873201996, 1.6165880755290676],[1.5322252347290712, 1.3588807153831337],[1.9464334782859172, 1.1158089743991484],[1.1900396653859513, 1.7321516814678222],[1.1906495565328337, 1.6278027704516473],[1.5317165617281834, 1.403119204820773],[1.1586984828656846, 2.2205263445947567],[1.0960077595815432, 2.3201164616158874],[1.0931216615354582, 2.4249841985138367],[1.88851949483634, 1.1206655900527585],[1.5192528408963417, 1.4746000721601409],[1.8550891495868091, 1.153834210266094]],
[[2.494721214407137, 1.126860257238005],[1.9043692542289983, 1.4322701963816646],[1.4677569872040792, 1.8004131599325892],[1.5251359066508516, 1.6654693619947731],[1.9135915478417136, 1.2953915146911088],[2.1467458956958807, 1.2763129007647493],[2.0211549566911198, 1.2909186194445776],[1.3059311326167495, 1.9486949925084647],[2.342949985793682, 1.143207579393682],[2.1624865779673454, 1.1759206252584984],[1.6150364071939922, 1.567293406779819],[1.3729248569780865, 1.8765993282963584],[1.7689740928163922, 1.4593714359023016],[1.690941640284763, 1.4687162669491416]],
[[1.8240698642609448, 1.2905647805540748],[1.8329530440436044, 1.1487032477323615],[1.954028003784473, 1.1122121207020768],[1.5021421194422948, 1.3619039747662725],[1.1708461112411155, 1.628138844888012],[1.1650237550753515, 1.6494849115675625],[1.0999042740763043, 2.1972003477147397],[1.588169793066979, 1.3539500960054158],[1.7916696516138688, 1.3239411750053445],[1.4958699465404774, 1.4391535373521838],[1.1638350447324806, 1.7835396455068],[1.1797484473011095, 1.5615546436616294]],
[[1.7048823821195882, 1.375542012937339],[1.0403702247589812, 2.407303230489294],[1.132719815812484, 2.229970233215061],[1.3261353504211721, 1.6537570506832249],[1.992072051833909, 1.2113842454290542],[1.0675290310784267, 2.314118056315816],[2.0390000359135705, 1.1296614798491875],[1.166122022136849, 2.2251587173189673],[1.7214580884168997, 1.3135397196002243],[1.6891446197993685, 1.4221971764256578],[1.3323319245500422, 1.6294054198233838],[1.0773666837916147, 2.2580189319609043],[1.6852193480996551, 1.4503577941279908],[2.0116571408702266, 1.1674632135978638],[1.9558837368654216, 1.3035124474309105],[1.196228993170607, 2.1106010441654264],[1.6980088106105455, 1.3772660172507303],[1.0710800869976793, 2.2958378462527373],[1.357922127721795, 1.5703109821120862]],
[[1.0274230646339018, 2.6750103634678224],[1.090979954985196, 2.199809934781813],[1.6607669205159785, 1.5150652000876366],[1.469226176098025, 1.5858085572997342],[1.611719233033135, 1.5371495483915165],[1.7759290376168968, 1.2941062104068473],[1.7436169014648557, 1.3446235349240623],[1.1629343862295642, 1.9338418006404219],[2.013359332235093, 1.1481614467648174],[2.037166749741364, 1.1392685167357515],[1.358178717488636, 1.6356883673527507],[1.7103430876876882, 1.4276077185827958],[1.286157071457993, 1.886343452877691],[1.0752416646082728, 2.5617942293498093]],
[[1.960037012591774, 1.2002777568919205],[1.627571816676143, 1.3586552813951749],[1.6498635428976896, 1.356421370874226],[1.255938499411499, 1.6764635936229273],[1.6118224612121521, 1.431302706502677],[1.2306725603588229, 2.376274436150706],[1.9696016050491825, 1.1921936047807473],[1.349733489289198, 1.5963114453475078],[1.3082901210519458, 1.619479022466209],[2.030489276684791, 1.1468828839288785]],
[[1.6528126047134215, 1.3540795124787308],[1.5940017826149238, 1.4425819306197654],[2.0053142094658667, 1.139424067272668],[1.3656506415019072, 1.668715430702211],[1.361488077373012, 1.6945881750132168],[1.4560732538068064, 1.614063864954035],[1.3391484636420534, 1.8829906161511207],[1.28375332440454, 2.156916633611882],[1.943148420737474, 1.1975099760445405]],
[[1.2257574592051579, 1.5993728163436463],[1.212463439912012, 1.6681025197998443],[1.3302585454353029, 1.545719807811277],[2.0220581011199226, 1.1421035895415677],[1.8592471545029101, 1.1441384826929475],[1.3176964135444735, 1.5929424900542049],[1.5149737578167681, 1.4104464481893493],[1.5150469926285415, 1.3270960127790528],[1.546113997657709, 1.3188000853956647],[1.048620895865158, 2.6553799775719122]],
[[1.944033620119734, 1.093144296803955],[1.1098181080432439, 2.3726407097855855],[1.5486366874881898, 1.5835767223169717],[1.3707221175111985, 1.597411789937852],[1.6178500441116328, 1.3540265621687742],[1.2957591456202542, 1.6606726036491075],[1.944033620119734, 1.093144296803955],[1.1098181080432439, 2.3726407097855855],[1.5486366874881898, 1.5835767223169717],[1.3707221175111985, 1.597411789937852],[1.6178500441116328, 1.3540265621687742],[1.2957591456202542, 1.6606726036491075],[1.944033620119734, 1.093144296803955],[1.1098181080432439, 2.3726407097855855],[1.5486366874881898, 1.5835767223169717],[1.3707221175111985, 1.597411789937852],[1.6178500441116328, 1.3540265621687742],[1.2957591456202542, 1.6606726036491075],[1.944033620119734, 1.093144296803955],[1.1098181080432439, 2.3726407097855855],[1.5486366874881898, 1.5835767223169717],[1.3707221175111985, 1.597411789937852],[1.6178500441116328, 1.3540265621687742],[1.2957591456202542, 1.6606726036491075],[1.944033620119734, 1.093144296803955],[1.1098181080432439, 2.3726407097855855],[1.5486366874881898, 1.5835767223169717],[1.3707221175111985, 1.597411789937852],[1.6178500441116328, 1.3540265621687742],[1.2957591456202542, 1.6606726036491075],[1.944033620119734, 1.093144296803955],[1.1098181080432439, 2.3726407097855855],[1.5486366874881898, 1.5835767223169717],[1.3707221175111985, 1.597411789937852],[1.6178500441116328, 1.3540265621687742],[1.2957591456202542, 1.6606726036491075],[1.944033620119734, 1.093144296803955],[1.1098181080432439, 2.3726407097855855],[1.5486366874881898, 1.5835767223169717],[1.3707221175111985, 1.597411789937852],[1.6178500441116328, 1.3540265621687742],[1.2957591456202542, 1.6606726036491075],[1.944033620119734, 1.093144296803955],[1.1098181080432439, 2.3726407097855855],[1.5486366874881898, 1.5835767223169717],[1.3707221175111985, 1.597411789937852],[1.6178500441116328, 1.3540265621687742],[1.2957591456202542, 1.6606726036491075],[1.944033620119734, 1.093144296803955],[1.1098181080432439, 2.3726407097855855],[1.5486366874881898, 1.5835767223169717],[1.3707221175111985, 1.597411789937852],[1.6178500441116328, 1.3540265621687742],[1.2957591456202542, 1.6606726036491075],[1.944033620119734, 1.093144296803955],[1.1098181080432439, 2.3726407097855855],[1.5486366874881898, 1.5835767223169717],[1.3707221175111985, 1.597411789937852],[1.6178500441116328, 1.3540265621687742],[1.2957591456202542, 1.6606726036491075],[1.944033620119734, 1.093144296803955],[1.1098181080432439, 2.3726407097855855],[1.5486366874881898, 1.5835767223169717],[1.3707221175111985, 1.597411789937852],[1.6178500441116328, 1.3540265621687742],[1.2957591456202542, 1.6606726036491075],[1.944033620119734, 1.093144296803955],[1.1098181080432439, 2.3726407097855855],[1.5486366874881898, 1.5835767223169717],[1.3707221175111985, 1.597411789937852],[1.6178500441116328, 1.3540265621687742],[1.2957591456202542, 1.6606726036491075],[1.944033620119734, 1.093144296803955],[1.1098181080432439, 2.3726407097855855],[1.5486366874881898, 1.5835767223169717],[1.3707221175111985, 1.597411789937852],[1.6178500441116328, 1.3540265621687742],[1.2957591456202542, 1.6606726036491075],[1.944033620119734, 1.093144296803955],[1.1098181080432439, 2.3726407097855855],[1.5486366874881898, 1.5835767223169717],[1.3707221175111985, 1.597411789937852],[1.6178500441116328, 1.3540265621687742],[1.2957591456202542, 1.6606726036491075],[1.944033620119734, 1.093144296803955],[1.1098181080432439, 2.3726407097855855],[1.5486366874881898, 1.5835767223169717],[1.3707221175111985, 1.597411789937852],[1.6178500441116328, 1.3540265621687742],[1.2957591456202542, 1.6606726036491075],[1.944033620119734, 1.093144296803955],[1.1098181080432439, 2.3726407097855855],[1.5486366874881898, 1.5835767223169717],[1.3707221175111985, 1.597411789937852],[1.6178500441116328, 1.3540265621687742],[1.2957591456202542, 1.6606726036491075],[1.944033620119734, 1.093144296803955],[1.1098181080432439, 2.3726407097855855],[1.5486366874881898, 1.5835767223169717],[1.3707221175111985, 1.597411789937852]],
[[2.0197053720523006, 1.1462079310884423],[1.3565837506015268, 1.928706800046653],[1.2443348132347118, 2.130204187397556],[1.230731146839484, 2.197023794640299],[2.014297532729884, 1.1606507173324414],[1.6628432460553577, 1.345240671904381],[1.054773909004506, 2.324816733461409],[2.042297926941835, 1.1281773806187325],[1.37907264872216, 1.6186660591122648],[1.33773135168482, 2.0491655811568443],[1.0095214161730124, 2.5690835975137443],[1.9331433253997072, 1.3254538269300078]],
[[1.2160585524798164, 2.4461405149071345],[1.6946684243528496, 1.335918488816933],[1.458713870886927, 1.7344982834851608],[1.6572946231123487, 1.3593233711963832],[1.4040865297053429, 1.8124924370095181],[1.9761983255932534, 1.095714142720628],[1.4372212967795552, 1.7483620502660253],[1.6564548164624404, 1.3791126691212892],[1.2730649509754894, 2.2514375197620073],[1.476657694785208, 1.6090335758839363],[1.2160585524798164, 2.4461405149071345],[1.6946684243528496, 1.335918488816933],[1.458713870886927, 1.7344982834851608],[1.6572946231123487, 1.3593233711963832],[1.4040865297053429, 1.8124924370095181],[1.9761983255932534, 1.095714142720628],[1.4372212967795552, 1.7483620502660253],[1.6564548164624404, 1.3791126691212892],[1.2730649509754894, 2.2514375197620073],[1.476657694785208, 1.6090335758839363],[1.2160585524798164, 2.4461405149071345],[1.6946684243528496, 1.335918488816933],[1.458713870886927, 1.7344982834851608],[1.6572946231123487, 1.3593233711963832],[1.4040865297053429, 1.8124924370095181],[1.9761983255932534, 1.095714142720628],[1.4372212967795552, 1.7483620502660253],[1.6564548164624404, 1.3791126691212892],[1.2730649509754894, 2.2514375197620073],[1.476657694785208, 1.6090335758839363],[1.2160585524798164, 2.4461405149071345]],
[[1.8547407508154994, 1.3864578675660761],[1.335531183952542, 1.9385248549204068],[2.2596248565831916, 1.1807824241964942],[2.0875130212901563, 1.324885636816475],[2.294137171622719, 1.1801026487121764],[1.4385650298064252, 1.876029696642435],[1.961666555745377, 1.3461351178277465],[1.7710202043954144, 1.5499601339865894],[1.8334510042216492, 1.479869655518502],[1.6600443787382937, 1.5685302794295706],[2.1575404643106024, 1.2133476490695754],[2.1541285788646207, 1.3204698307448526],[1.4413852288754896, 1.6907762261843593],[2.2413854703374425, 1.1992584718261576],[1.8446464269374128, 1.4101092328341447],[1.9295273479515873, 1.3800166194071926],[1.447424553048328, 1.616426126927704]],
[[1.6187503890604535, 1.3571917687698076],[1.4958002433274529, 1.5730644454432499],[1.890322444184962, 1.1279220815462931],[1.5273168840745175, 1.4018171380478672],[1.20229682348587, 1.6743347697111792],[1.8666006681762024, 1.2026186922386957],[1.5660187449880558, 1.3668281947179584],[1.865974854239848, 1.2459423915472922],[1.5624733872747527, 1.3846156736555324],[0.9484246640585691, 2.381105463675617],[1.2442393664555096, 1.61650410101999],[1.6187503890604535, 1.3571917687698076],[1.4958002433274529, 1.5730644454432499],[1.890322444184962, 1.1279220815462931],[1.5273168840745175, 1.4018171380478672],[1.20229682348587, 1.6743347697111792],[1.8666006681762024, 1.2026186922386957],[1.5660187449880558, 1.3668281947179584],[1.865974854239848, 1.2459423915472922],[1.5624733872747527, 1.3846156736555324],[0.9484246640585691, 2.381105463675617],[1.2442393664555096, 1.61650410101999],[1.6187503890604535, 1.3571917687698076],[1.4958002433274529, 1.5730644454432499],[1.890322444184962, 1.1279220815462931],[1.5273168840745175, 1.4018171380478672],[1.20229682348587, 1.6743347697111792],[1.8666006681762024, 1.2026186922386957],[1.5660187449880558, 1.3668281947179584],[1.865974854239848, 1.2459423915472922],[1.5624733872747527, 1.3846156736555324],[0.9484246640585691, 2.381105463675617],[1.2442393664555096, 1.61650410101999]],
[[1.2446362429589541, 2.0392951537614845],[2.115489759403067, 1.1970540743557176],[1.1510169251126703, 2.281723381614642],[1.4338769627832537, 1.6222829117013007],[1.1365157803059427, 2.812208707948094],[1.1462973310259204, 2.2970716319194917],[1.3554350817043974, 1.900037916162561],[2.1402306507557425, 1.163664113304997],[1.467993909472733, 1.6056405143019976],[1.8402617191593507, 1.313337312433133],[1.4049585066519332, 1.7483346024575686],[1.7875836824360456, 1.4209593463941574],[1.4959030037137406, 1.5086156783770956],[2.125591532073551, 1.1951577584180682],[1.320696470707915, 1.9690771073434008]],
[[1.933196347590798, 1.1312762101998635],[1.9125955371401253, 1.2675005792392549],[1.0514009921595833, 2.565454742862612],[1.0744975588046024, 2.486948034659507],[1.2526931398765373, 1.603672006884941],[1.2015007872567989, 2.283618778019314],[1.2408822588313102, 1.6856176546542607],[1.582266948317187, 1.3492668336776754],[1.0870980192678485, 2.321138233047416]],
[[1.1448240125316014, 2.2875183864366617],[1.5241822908625617, 1.5189159879196517],[1.3619950677912882, 2.1307375950840246],[1.709662459662288, 1.356521154962978],[1.4088003484741813, 1.6764922179030024],[2.029123446595778, 1.142045956512069],[1.655027522607222, 1.3660084032364677]],
[[1.5682742960129326, 1.4342335163445803],[1.5326450376890028, 1.4387912617277614],[1.199253077470881, 1.650750617099368],[1.189860398250332, 1.8349651765571395],[1.44569361900441, 1.542876615758195],[1.8672419109801641, 1.2220976746351928],[1.8799475684361457, 1.1538369715023498],[1.4195046751065266, 1.5687444699700035],[1.577130065103053, 1.3733167370581632],[1.2464459551652236, 1.622063570228614],[1.193854457508884, 1.669663517947015],[1.9220059648698933, 1.1237416094673014],[1.6627137789250788, 1.35580723577567],[1.1920338096249372, 1.7714878691825355]],
