[[0.3855467787493043, 0.7598802537212844],[0.8363591531200516, 0.5309804628473831]],
[[0.6175517837957265, 0.7450427017345598],[0.3116132073191178, 1.1483212368555988],[1.2353850737583996, 0.19715132164454635],[1.2278720303799044, 0.2440311581836201],[0.8577894591920844, 0.37995890716475833],[0.6197795974163705, 0.7015553843091482],[0.32281165154034536, 1.123784841615699],[0.3150111883433066, 1.137801863460859],[1.235291055963495, 0.21349753930721332],[0.8793900737369504, 0.3628688586959015]],
[[0.3277083929590945, 0.7361207804154646],[0.6414394074881776, 0.475150159779811],[0.9797056178895204, 0.2697440185283196],[0.32361291050176827, 0.7701787222468893],[1.0542083349818967, 0.24413809669139092],[0.6920604479392098, 0.43377815569318484]],
[[1.2129650689097011, 0.43155326029851365],[0.8093106849824216, 0.5197731587914611],[0.7773834241886862, 0.5236391414670565],[0.6165357615142653, 0.9660908814994132]],
[[0.45669011148239025, 0.8306969906975461],[0.4556938395678719, 0.8728544504447442],[0.8163661227987378, 0.542444464218377]],
[[0.3539370728460393, 0.722972979883361],[1.0271723588878359, 0.2541553866662508],[0.3364026708288605, 0.7494549415224341],[0.3433763523887957, 0.726819783167086],[0.7984966692128803, 0.6216531996254921],[0.807862415378485, 0.6144527219647828]],
[[0.838184817231407, 0.6535436582368646],[0.592657692974821, 0.9453149995718928],[0.8797831081079038, 0.6361483799483512]],
[[0.3971321124036834, 0.7158205501844336],[0.7153580133996932, 0.4359480670489464],[1.0784895627488698, 0.32353461392398924],[1.112495472920099, 0.3172683780710229]],
[[1.1373390639984626, 0.5817552391535713],[0.2952914290476906, 1.1066661788657015],[0.6703180990588318, 0.8100626906746765],[0.32108725490285067, 1.0997595495331671],[1.1083434832947587, 0.6288279579945525],[0.3392920158917004, 1.0988191531624931],[0.718236509141562, 0.7880843087486391]],
[[0.40625135202463947, 1.0834938875990399],[0.6381305376694166, 0.707905640131382],[0.30661241943284123, 1.0843203719349097],[0.9630151851213142, 0.42673705736023954],[0.6367297175225592, 0.7277755649990396],[0.645900586214881, 0.6825278969740702]],
[[0.7412771369992834, 0.7141728708730914],[0.7121924035729001, 0.7953555333770643],[0.2571515215903373, 1.1603986053491309],[0.31952240930534404, 1.1271881975279077],[0.27444521566972957, 1.1533611632915988],[0.7443528708619565, 0.7126873619428882],[1.5730928719018222, 0.5952344079599567],[0.7137439740028968, 0.7166026604801619],[1.1245749453947127, 0.6674541941432572]],
[[0.9770817229823288, 1.0003405929909432],[0.593882925913784, 1.427276310046477],[1.0045377791163417, 0.9379270884765432],[0.6213518564368089, 1.3754506938159925]],
[[1.050462756731851, 0.28951228419054165],[0.3892331831855715, 0.7967044423140388],[0.7695617941802582, 0.5836740882699205],[1.0804615466580882, 0.28712990806194044]],
[[1.0233800172725196, 0.22587002863415764],[0.43433091033247573, 0.7270712294159616],[0.7389522080988158, 0.45752892917979393]],
[[0.42009889373257536, 0.66000830401689],[1.092374582289277, 0.18882686226705633],[0.761754414155524, 0.45203648735780605],[0.33896389599576143, 0.6863248578687584],[0.772149404988463, 0.3923331801558817],[1.039900290545106, 0.20846196095476197]],
[[1.3507375469987182, 0.8470887287648394],[0.8996799311932374, 1.5530875087250746],[0.8717201767967546, 1.667212567004889],[1.382953901709973, 0.8298695440316358],[0.9618805887256471, 1.498332841593136]],
[[0.21259568598676137, 1.0034143332506256],[0.5031662674865366, 0.5486501818648921],[1.0329308909752581, 0.4135578373673184],[0.18865227111789307, 1.0373332751527198],[0.567016454857088, 0.5323585723601011],[0.9824865373737828, 0.43045751951837397]],
[[0.40939052717466806, 0.8188277714982268],[0.4126316927754221, 0.7826305995822387],[0.7581370418339545, 0.47260303146977656]],
[[0.45934113570948615, 0.5592595771067865],[0.236910021050287, 1.0489318758754975],[0.1639032645578219, 1.1239963243341522],[0.4983516096375611, 0.5441268274499893],[0.8179546424168244, 0.31462256414698375]],
[[1.1355373155205206, 0.8326234697859548],[0.6514050401037581, 1.1391689013242035],[1.5276005421760477, 0.7083302876622495],[1.1165601336895554, 0.8383234200965443],[1.097903504847816, 0.9024168071214239]],
[[0.8559454860365067, 0.7451143184442285],[0.47504612035731886, 0.9250260741736875],[0.43967966203598, 0.9759255811890103],[0.8579199096663889, 0.7217165108120742],[1.1285477523760565, 0.4003594678637739]],
[[0.7322042989064049, 0.48625697028633763],[0.4513285880854569, 0.7998510530514741],[1.229241174373911, 0.43236245842615745],[0.4206259911382579, 0.8505300476532649]],
[[0.2588040896665543, 1.1740286169959915],[0.2528743823891887, 1.1810108308419134],[1.382503515861844, 0.33349197398478486],[0.6581355288742754, 0.7213542957653667],[0.2767407670388489, 1.1432241875097287],[0.2899640198158093, 1.1182537242796338]],
[[1.3035228133036356, 1.0119765272910173],[1.001768315147638, 1.3254961152124234],[1.6079990017991308, 0.8594964858288351],[1.4353097691870456, 0.8979333752816248],[0.9820569177369403, 1.3473949318531389],[1.6908687212794802, 0.7763164502119476]],
[[0.24704437790688444, 1.2022223479793255],[0.5521128184666118, 0.5862124867387184],[0.45897935201575163, 1.1717822977109629],[0.9466287138486247, 0.4208468326580358],[0.2817000027022752, 1.1823932988186847],[0.5661491216168197, 0.5718306502608574]],
[[0.2727226394818254, 1.1465351900923104],[0.600371189502551, 0.6463026248632906],[1.0489449820592713, 0.5496221899358615],[0.27027606320466796, 1.1576379086077595]],
[[1.4311140643689624, 0.41063949799229965],[0.6528583709615692, 1.4072632573873873],[0.7497681208266318, 1.3198867658984206],[0.6460539794340002, 1.4342248430222022],[0.9186820378939508, 1.0705876783609067],[1.426153246993159, 0.4235993694705352]],
