[[0.28158124905894144, 2.265833550532984],[0.9697660734856184, 1.8952767398728922],[0.2808053504077518, 2.269126225155175],[0.28405826493245945, 2.265224457459988],[0.280845063788164, 2.268279816531483],[0.7225737753219779, 2.0825761448723252],[0.9659576223335771, 1.9333185551174252],[0.9988402877154182, 1.8666639502554832],[0.9920335969962747, 1.8760218159741247],[0.7289780040994425, 2.068445238607719]],
[[0.9957451318590492, 1.916728190473919],[0.968974227182707, 1.9395561261365595],[0.3879274627543208, 2.279782414535068],[0.9747427415279032, 1.9344111914108766],[0.8104943892751904, 2.0862174328651064],[0.28084490251849936, 2.3069861314296904],[0.2846516252854788, 2.305759680167432],[0.2859314509506178, 2.305754467303043],[0.3028904629576339, 2.301180901841414],[0.6823968369127791, 2.141738820368119],[0.9999942314445196, 1.9131048077375308]],
[[0.281664519792551, 2.1618610376554424],[0.6780873350414975, 1.9855231886375244],[0.7917991365827668, 1.9179076582927699],[0.6710179421622505, 2.07428368807278],[0.5694293009733142, 2.0846650082237352],[0.9102572105200664, 1.8586133287995399],[0.9512681854195346, 1.7827402016690075],[0.9314971992119141, 1.8452395827414254],[0.972891175700484, 1.7673206647081332],[0.28093080886905697, 2.1989901656616366],[0.9807680915370045, 1.7604233727152943]],
[[0.9266396081539451, 2.1946347403622295],[0.6633958494115466, 2.2501595634595963],[0.28388774532052863, 2.3733512117118716],[0.6252003141063875, 2.295535134445917],[0.9399760695724813, 2.031655491381543],[0.2807870763371526, 2.462341791511498],[0.9303984105003792, 2.081623941739573],[0.6309467253313646, 2.2608163606304075],[0.9266396081539451, 2.1946347403622295]],
[[0.9972130378909435, 1.914590267213941],[0.7804377393648279, 2.0329788689362602],[0.8382506920530624, 2.0115680389723263],[0.49015972692841714, 2.2045012905388397],[0.2808557749788674, 2.4060743518084426],[0.8127601129225205, 2.023728934495627],[0.4892696817744082, 2.2373119109701616],[0.93595322914756, 1.916824622287884],[0.4527597338341438, 2.279322592361033],[0.5986786700042568, 2.1545507906096724],[0.9972130378909435, 1.914590267213941],[0.7804377393648279, 2.0329788689362602],[0.8382506920530624, 2.0115680389723263],[0.49015972692841714, 2.2045012905388397],[0.2808557749788674, 2.4060743518084426],[0.8127601129225205, 2.023728934495627],[0.4892696817744082, 2.2373119109701616],[0.93595322914756, 1.916824622287884],[0.4527597338341438, 2.279322592361033],[0.5986786700042568, 2.1545507906096724],[0.9972130378909435, 1.914590267213941],[0.7804377393648279, 2.0329788689362602],[0.8382506920530624, 2.0115680389723263],[0.49015972692841714, 2.2045012905388397],[0.2808557749788674, 2.4060743518084426],[0.8127601129225205, 2.023728934495627],[0.4892696817744082, 2.2373119109701616],[0.93595322914756, 1.916824622287884],[0.4527597338341438, 2.279322592361033],[0.5986786700042568, 2.1545507906096724],[0.9972130378909435, 1.914590267213941],[0.7804377393648279, 2.0329788689362602],[0.8382506920530624, 2.0115680389723263],[0.49015972692841714, 2.2045012905388397],[0.2808557749788674, 2.4060743518084426],[0.8127601129225205, 2.023728934495627],[0.4892696817744082, 2.2373119109701616]],
[[0.2809141692701489, 2.362228340117386],[0.9343808470887578, 1.981328294439769],[0.7459438434500856, 2.0497492579641206],[0.3519267558049104, 2.3203829518342753],[0.9225237607321497, 2.002422474857365],[0.6730981432016343, 2.119762062703528],[0.6327229171915234, 2.196540061764008],[0.2809141692701489, 2.362228340117386]],
[[0.2860872314211411, 2.3439199959141646],[0.9961775737872542, 1.959064319251139],[0.6345710560681925, 2.209021096859805],[0.9500736637560289, 1.9968195393485368],[0.7801060243498636, 2.1655393259180165],[0.8874695784594026, 2.0452234653151584],[0.6308483479759655, 2.2629671668064417]],
[[0.9729833855142765, 2.0711908953382303],[0.9729833855142765, 2.0711908953382303],[0.2817637317388766, 2.358581352184917],[0.8602397469495373, 2.2010816608832657],[0.8481907873639293, 2.201440567596342],[0.9210181917992408, 2.136976134679783],[0.8602397469495373, 2.2010816608832657],[0.8481907873639293, 2.201440567596342],[0.7189338389061017, 2.2056534742258322],[0.9210181917992408, 2.136976134679783],[0.9980771392747066, 1.9904176838581926],[0.9677710554372478, 2.133207369705759],[0.6740271741534858, 2.319209733073762],[0.9677710554372478, 2.133207369705759],[0.6740271741534858, 2.319209733073762]],
[[0.8117016168473905, 1.999679760514707],[0.634864904047825, 2.076348026772712],[0.3232811036437673, 2.2103052241556846],[0.9575962184387746, 1.849103825740524],[0.7182867595896094, 2.026291065392369],[0.28438293487999367, 2.2207797556775395],[0.853476673558994, 1.9327024317547614]],
[[0.9555536847752713, 2.0605111850900553],[0.9967660943218265, 2.0280768843311714],[0.9853893174893081, 2.036733326299831],[0.9967232886669258, 2.028111914941019],[0.6407597771352124, 2.266844428038661],[0.6307774629519096, 2.272607274352232],[0.6727233495275704, 2.2538041795041512],[0.9853893174893081, 2.036733326299831],[0.8106140268165597, 2.1661947919465496],[0.830718693126716, 2.1564262453537317],[0.6438405253002772, 2.265219444642847],[0.7458912713363124, 2.2069860795146785],[0.7402327692528476, 2.2104389576366583]],
