[[0.02455018425062934, 4.1284796610081855],[0.6440833031098586, 4.015789890776272],[0.9319152480608982, 3.8846918382139988],[0.0, 4.189354578049976],[0.42446606496268274, 4.050636668293058],[0.76275708495292, 3.9460949061733173],[0.9898699185517548, 3.880192838703726],[0.41208530161846557, 4.086680010711178],[0.35965922364618824, 4.120318410478192],[0.8265950179968237, 3.937760386520427],[0.5386046835169672, 4.01619276240006]],
[[0.018852923456743217, 4.163084094282541],[0.6214669563276862, 3.9690483638823695],[0.9970186296028344, 3.814534861821934],[0.9084871491915526, 3.9222518892416915],[0.9949342388783391, 3.836869303026758],[0.0, 4.203330343204601],[0.49466822909096364, 3.9872681976772295],[0.03939402342757409, 4.155165271228954],[0.7303446435212074, 3.9394822512905114],[0.2670029408753538, 4.048253262624763],[0.9339155904293373, 3.8686458717873786],[0.7156204450219987, 3.956368775278583],[0.46566721737835876, 3.9977909629190354]],
[[0.811550563744037, 3.8714852510500215],[0.596224048634563, 3.9709190335523186],[0.48196764780954915, 4.004982286786039],[0.0, 4.051332656920798],[0.811550563744037, 3.8714852510500215],[0.596224048634563, 3.9709190335523186],[0.48196764780954915, 4.004982286786039],[0.0, 4.051332656920798],[0.811550563744037, 3.8714852510500215],[0.596224048634563, 3.9709190335523186],[0.48196764780954915, 4.004982286786039],[0.0, 4.051332656920798],[0.811550563744037, 3.8714852510500215],[0.596224048634563, 3.9709190335523186],[0.48196764780954915, 4.004982286786039],[0.0, 4.051332656920798],[0.811550563744037, 3.8714852510500215],[0.596224048634563, 3.9709190335523186],[0.48196764780954915, 4.004982286786039],[0.0, 4.051332656920798],[0.811550563744037, 3.8714852510500215],[0.596224048634563, 3.9709190335523186],[0.48196764780954915, 4.004982286786039],[0.0, 4.051332656920798],[0.811550563744037, 3.8714852510500215],[0.596224048634563, 3.9709190335523186],[0.48196764780954915, 4.004982286786039],[0.0, 4.051332656920798],[0.811550563744037, 3.8714852510500215],[0.596224048634563, 3.9709190335523186],[0.48196764780954915, 4.004982286786039],[0.0, 4.051332656920798],[0.811550563744037, 3.8714852510500215],[0.596224048634563, 3.9709190335523186],[0.48196764780954915, 4.004982286786039],[0.0, 4.051332656920798],[0.811550563744037, 3.8714852510500215],[0.596224048634563, 3.9709190335523186]],
[[0.9617184350817392, 3.8664401966366375],[0.8018496623044624, 3.9114845985245665],[0.8871324495968423, 3.8788426451844855],[0.0, 4.04356907974973],[0.8333491754693093, 3.9016712363176613],[0.6592385005674459, 3.964116196249078],[0.5131912754147687, 3.994101030879519],[0.126437282413944, 4.04031680999509],[0.7741926617787076, 3.961817281881204]],
[[0.0, 4.1259063859756635],[0.350796410581251, 4.079112533420271],[0.9553141629106772, 3.88985340207607],[0.6390196800272819, 4.027298273468891],[0.7874719159724601, 3.9114722025555415],[0.7780438599128903, 3.9964472101635318],[0.0, 4.1259063859756635],[0.350796410581251, 4.079112533420271],[0.9553141629106772, 3.88985340207607],[0.6390196800272819, 4.027298273468891],[0.7874719159724601, 3.9114722025555415],[0.7780438599128903, 3.9964472101635318]],
[[0.7582629872924561, 3.9846339018532486],[0.9026105931258698, 3.9033819807710066],[0.523340623375479, 4.0337338342303255],[0.8241799479909051, 3.917978187041289],[0.0, 4.059981047470188],[0.6297640872756258, 4.0210373821565195],[0.6552225975673113, 4.018155701661767],[0.7582629872924561, 3.9846339018532486],[0.9026105931258698, 3.9033819807710066],[0.523340623375479, 4.0337338342303255],[0.8241799479909051, 3.917978187041289],[0.0, 4.059981047470188],[0.6297640872756258, 4.0210373821565195],[0.6552225975673113, 4.018155701661767]],
[[0.7671615999045661, 3.9575528146744876],[0.6928066548328032, 4.014088066767756],[0.32337987393850315, 4.099998752299065],[0.37433080770375327, 4.0885502327630165],[0.6435298294978129, 4.042810061242771],[0.6603766577356494, 4.026490917717136],[0.8003665229259627, 3.9471033895698193],[0.0, 4.119010703282888],[0.7576803216471844, 3.9842597928480163],[0.864358968298326, 3.917176031092155],[0.39726999316264144, 4.059811876025962]],
[[0.6417297963133518, 3.945997106138121],[0.7857919979835736, 3.850236931622478],[0.0, 4.078763121727234],[0.987600696032948, 3.8262525466941706],[0.019955222304657596, 4.078672839704896],[0.4997130607927576, 3.9943898964155804],[0.35603660502036827, 4.075564528503836]],
[[0.0, 4.17629180565989],[0.0009837100103648102, 4.166664625261415],[0.7532185808868294, 4.088389280245156],[0.8723684207911958, 3.9890698789809615],[0.8418600071703998, 4.054807731073294],[0.8137782964690835, 4.065847678516291],[0.4028667352831093, 4.143890526065582],[0.8515802987403864, 3.997195198954627],[0.7382756592348643, 4.090092835967252],[0.5675526549800906, 4.121030733389844],[0.9667808149254652, 3.922709166357853]],
[[0.5201160847773652, 4.00580014629817],[0.9517422442545904, 3.9189112835979705],[0.0, 4.248294904527369],[0.12463187040677773, 4.078901874866244],[0.8273086755281658, 3.9706118652924407],[0.18957019935814226, 4.061017313951913]],
[[0.053853036404598854, 3.9570542473113615],[0.00041900992382073315, 3.974903047373302],[0.2865479657395145, 3.918448086484484],[0.5435406519194699, 3.8641578456170196],[0.839929914156494, 3.7998033062994008],[0.5282988104184804, 3.913522071985436],[0.6114019929962855, 3.8581434039231683],[0.1277083456779358, 3.950390552846472],[0.015692571046441603, 3.9735295105626727],[0.7054115309684876, 3.837416404294188],[0.0, 4.0448259196726655]],
[[0.017392339694930987, 4.1856364608822325],[0.7798306946937635, 4.030551874246676],[0.3515239623224827, 4.153424059554726],[0.5295147250073255, 4.0874572697856015],[0.5202643181077822, 4.122074802595129],[0.0, 4.263560993442628],[0.008762560784816742, 4.218818689795075],[0.9270007616009976, 3.9373274789003716],[0.8839365360071677, 3.9848606715457935]],
[[0.5100624120140282, 4.025680701470132],[0.042821829127204614, 4.09764642406527],[0.5860067840343294, 4.014726675415242],[0.0, 4.129670279521228],[0.8889763331553654, 3.8691096168948445],[0.7954789212659079, 3.9421558827925613],[0.6226840917725246, 3.989602377241095],[0.3568167554013698, 4.049151974627324],[1.0, 3.8681197871182036],[0.7620397232268741, 3.9610481865850553]],
[[0.9227069157334578, 3.866870966670777],[0.888023916645536, 3.8899333448304856],[0.7466589054377774, 3.924679792304154],[0.007417023181915283, 4.081590635451459],[0.41512331995955076, 4.041170854349499],[0.6516802671210294, 3.992704700901857],[0.7150540340759679, 3.9796273861179268],[0.0, 4.10883821662655]],
[[0.6623226609502836, 3.925867234645129],[0.42670299892868013, 3.9976553429726844],[0.6914242992983803, 3.901081696497309],[0.6704736744996606, 3.906865590838152],[0.26578980165415167, 4.030026410069495],[0.9328150997867388, 3.8503324379006836],[0.09997623954682743, 4.063517692870703],[0.9738275667817072, 3.7707679136725485],[0.0, 4.06855994514164],[0.9293354992865126, 3.871894760836349],[0.04321876307949424, 4.066748208607459],[0.5697600152002161, 3.939033531590611],[0.8404960439789237, 3.8753117372160295],[0.1869287679244095, 4.062063346908015],[0.7094502580880169, 3.8979406975300797],[0.9460442876864449, 3.827796780994232]],
[[0.9237660965016956, 3.8329953753629105],[0.024006879857864084, 4.1021305207498795],[0.5629998141990005, 4.003857640064461],[0.9033701659307933, 3.8898452663648264],[0.7567224856466055, 3.955094440194657],[0.810884410447975, 3.9461703298138544],[0.9896153211386494, 3.8254605117696467],[0.40312359341806514, 4.053042490981156],[0.0, 4.170852327835606],[0.06893945251155889, 4.072985663568189],[0.5273733609738374, 4.029711493083337],[0.6280183461536798, 3.968843456955112],[0.010708084615733776, 4.115441567902585]],
[[0.8526055107075727, 3.9472937087338194],[0.0, 4.111834076274898],[0.9376211474516267, 3.9433124748593276],[0.8069914952989123, 3.951676932060775],[0.9416873112729552, 3.9303770555411646],[0.45216360162703456, 4.028543959207135],[0.6089915035271423, 4.010884046912881],[0.007168142168990506, 4.066061638554441],[0.941785272556473, 3.859016384661265],[0.44002975475129824, 4.057503576734039],[0.7074875131403808, 3.9804549749153115]],
[[0.0, 4.0258013534299675],[0.9451542020342008, 3.8046325597797415],[0.7475520854376664, 3.8689086177203666],[0.9853818981733629, 3.781923757072532],[0.5528401169443307, 3.9911578817084994],[0.9210439582889635, 3.858162638405353],[0.6830197116360068, 3.9620617559536706]],
[[0.0009229608968458064, 4.099893720387525],[0.5049828959930726, 4.044153142651983],[0.9995813600662699, 3.8858816743324165],[0.3137196901449309, 4.0502773938643255],[0.0, 4.153875560961415],[0.788760190342748, 3.888617993896482],[0.30690537525472134, 4.068647172122994],[0.6281869679980335, 4.001016405793453],[0.6476297599585626, 3.9288568247196944],[0.607609745049739, 4.022220977751053]],
[[0.8104155504712814, 3.858959071112279],[0.6968440970555692, 3.9025279114187685],[0.7846554167825586, 3.8835523474573446],[0.5388264072326093, 3.9493751097890017],[0.897110484551901, 3.8041322570924434],[0.14334091028842408, 4.0112397036342005],[0.0, 4.051358974983133],[0.7507915373083321, 3.8887470056333227],[0.009928176068588599, 4.034104107335706],[0.3776920874283167, 3.9973364600448567],[0.9717378283204238, 3.7809673481839186],[0.7852502235813829, 3.8813421770219114],[0.9389241029561679, 3.794085181969929]],
[[0.00021489748019484756, 4.103223703343863],[0.9350526719273622, 3.9137769185881797],[0.536784621886909, 4.091396907287194],[0.9147802054668034, 3.986049893277298],[0.9155678040814432, 3.9452342004074437],[0.7515955525455273, 4.001151497452177],[0.6672505816952254, 4.054082074041472],[0.7643314141920224, 4.001081451130723],[0.0, 4.167290817030175],[0.8418438666142845, 4.000145709434418]],
[[0.9817997306829385, 3.859932316492593],[0.474216924523192, 4.022684519360245],[0.8429786105087871, 3.9022044252580543],[0.746405081406517, 4.020342477648779],[0.05799588504560903, 4.068340460370123],[0.0, 4.191748600416675]],
[[0.7894220011801747, 3.9790013274144056],[0.858049703610453, 3.888679675696264],[0.797184726792496, 3.9490675249927762],[0.3630409649489498, 4.065002383375909],[0.9563543520537628, 3.853165345475431],[0.0, 4.123999908293658],[0.8625803735769054, 3.8845615080398628],[0.46772683456132325, 3.9850145569419144]],
[[0.16810514815688782, 4.0027485142493395],[0.5634234974272526, 3.940084057228273],[0.8370943658747946, 3.8588073564962038],[0.9553350894022865, 3.7971501463833746],[0.0, 4.058893113622153],[0.849284735601015, 3.844194678229495],[0.7222023874269438, 3.918380025676609],[0.5093105442843666, 3.9898785159711143]],
[[0.0, 4.1624436747629625],[0.9975186817520354, 3.846048428718468],[0.012376807951112175, 4.103286384208351],[0.6554581034398598, 3.9880881519926685],[0.8397360947840128, 3.9112868638208242],[0.3279438702607371, 4.0609293606047405],[0.9353522260590593, 3.891141990355056]],
[[0.5779661647541546, 3.890942933190864],[0.9568130066685488, 3.7557770244457878],[0.4892133683434277, 3.991227257338993],[0.0, 4.064878601620512],[0.0027332692893170005, 4.006853508972776],[0.7070832191154655, 3.8667607322828275],[0.7676175187216064, 3.832077370585945],[0.8109395315941086, 3.8078996281480983],[0.5032559550567394, 3.92857776384277]],
[[0.7277278521752053, 3.9199251539753717],[0.570132050857317, 3.9766895501340076],[0.7151661711468836, 3.945879510301346],[0.41187753876826694, 3.9836229211747622],[0.9420378586669317, 3.8301673200637736],[0.8812359857821211, 3.886880945865102],[0.7534898130907941, 3.898901490706315],[0.9134337177354253, 3.8591791349587745],[0.0, 4.0736333528209325]],
[[0.5269234923960562, 4.091156352223846],[0.0, 4.163723292684777],[0.7640945524868828, 4.048465026835058],[0.4185209260155716, 4.147829417325546],[0.3370019697876748, 4.151898678907914],[0.48795304344934504, 4.133794614927399],[0.8235807021624081, 4.014758274521784],[0.9701256146736221, 4.0104002251788025],[0.7105476376207562, 4.080005604226895]],
[[0.669463264142873, 3.931607846123776],[0.6036017739482074, 3.9571757405589825],[0.8859077038541496, 3.8139055199504335],[0.0, 4.061309553959934],[0.7935643081881969, 3.8848104763438416],[0.22687069480348496, 3.970008778631685],[0.9475907655217504, 3.757246242575399],[0.7202428458320784, 3.9213024345243976],[0.02865592690994153, 4.0163651946301195]],
[[0.5542053958262128, 4.068513581346186],[0.8216526558045902, 3.95668157144223],[0.9454001069556425, 3.905756377400209],[0.06540100853921585, 4.095296473149913],[0.017164134729620376, 4.225714723167506],[0.0, 4.252320403844327],[0.6918832142100927, 3.9675523996784987],[0.6126851920638737, 4.067592623072035],[0.9137307401291758, 3.9305859841717314],[0.03553273572709243, 4.171956778559007],[0.6763433698252478, 4.048223510248077],[0.9636443425032954, 3.889557366123415]]
